S,1,1,0,1,1,1,1,1,2,0,0,0,0,-1,-1,-1
AH,1,160,0
AF,0,0,0,0,0,0,0,0,0,0,0,0,0,0,0,0,0
AL,1,0,12,10,4,6,2,3,4,6,4,3,0,-12,-7,-13,-20,-19,-11,-9,-7,-4,-5,-7,-8,50,100,60,50,50,50,100,100,100,50,50,50,250,250,250,250,250,250,250,250,250,250,250,250,6,0,1,3,-2,100000,250000,0,0
AMA,0,0,0,0,0,0,0,0,0,0,0,0,0,0,0,0,0,0,0,0,0,0,0,0,0,0,0,0,0,0,0,0,0,0,0,0,0,0,0,0,0,0,0,0,0,0,0,0,0,0,0,0,0,0,0,0,0,0
AMB,1,1,0,12,10,4,6,2,3,4,6,4,3,0,-12,-7,-13,-20,-19,-11,-9,-7,-4,-5,-7,-8,50,100,60,50,50,50,100,100,100,50,50,50,250,250,250,250,250,250,250,250,250,250,250,250,6,0,1,3,-2,100000,250000,0
AMC,2,1,0,12,10,4,6,2,3,4,6,4,3,0,-12,-7,-13,-20,-19,-11,-9,-7,-4,-5,-7,-8,50,100,60,50,50,50,100,100,100,50,50,50,250,250,250,250,250,250,250,250,250,250,250,250,6,0,1,3,-2,100000,250000,0
AMD,3,1,0,12,10,4,6,2,3,4,6,4,3,0,-12,-7,-13,-20,-19,-11,-9,-7,-4,-5,-7,-8,50,100,60,50,50,50,100,100,100,50,50,50,250,250,250,250,250,250,250,250,250,250,250,250,6,0,1,3,-2,100000,250000,0
AME,4,1,0,12,10,4,6,2,3,4,6,4,3,0,-12,-7,-13,-20,-19,-11,-9,-7,-4,-5,-7,-8,50,100,60,50,50,50,100,100,100,50,50,50,250,250,250,250,250,250,250,250,250,250,250,250,6,0,1,3,-2,100000,250000,0
AMF,5,1,0,12,10,4,6,2,3,4,6,4,3,0,-12,-7,-13,-20,-19,-11,-9,-7,-4,-5,-7,-8,50,100,60,50,50,50,100,100,100,50,50,50,250,250,250,250,250,250,250,250,250,250,250,250,6,0,1,3,-2,100000,250000,0
AMG,6,1,0,12,10,4,6,2,3,4,6,4,3,0,-12,-7,-13,-20,-19,-11,-9,-7,-4,-5,-7,-8,50,100,60,50,50,50,100,100,100,50,50,50,250,250,250,250,250,250,250,250,250,250,250,250,6,0,1,3,-2,100000,250000,0
AMH,7,1,0,12,10,4,6,2,3,4,6,4,3,0,-12,-7,-13,-20,-19,-11,-9,-7,-4,-5,-7,-8,50,100,60,50,50,50,100,100,100,50,50,50,250,250,250,250,250,250,250,250,250,250,250,250,6,0,1,3,-2,100000,250000,0
AMI,8,1,0,12,10,4,6,2,3,4,6,4,3,0,-12,-7,-13,-20,-19,-11,-9,-7,-4,-5,-7,-8,50,100,60,50,50,50,100,100,100,50,50,50,250,250,250,250,250,250,250,250,250,250,250,250,6,0,1,3,-2,100000,250000,0
AMJ,9,1,0,12,10,4,6,2,3,4,6,4,3,0,-12,-7,-13,-20,-19,-11,-9,-7,-4,-5,-7,-8,50,100,60,50,50,50,100,100,100,50,50,50,250,250,250,250,250,250,250,250,250,250,250,250,6,0,1,3,-2,100000,250000,0
AMK,10,1,0,12,10,4,6,2,3,4,6,4,3,0,-12,-7,-13,-20,-19,-11,-9,-7,-4,-5,-7,-8,50,100,60,50,50,50,100,100,100,50,50,50,250,250,250,250,250,250,250,250,250,250,250,250,6,0,1,3,-2,100000,250000,0
AML,11,1,0,12,10,4,6,2,3,4,6,4,3,0,-12,-7,-13,-20,-19,-11,-9,-7,-4,-5,-7,-8,50,100,60,50,50,50,100,100,100,50,50,50,250,250,250,250,250,250,250,250,250,250,250,250,6,0,1,3,-2,100000,250000,0
AMM,12,1,0,12,10,4,6,2,3,4,6,4,3,0,-12,-7,-13,-20,-19,-11,-9,-7,-4,-5,-7,-8,50,100,60,50,50,50,100,100,100,50,50,50,250,250,250,250,250,250,250,250,250,250,250,250,6,0,1,3,-2,100000,250000,0
AMN,13,1,0,12,10,4,6,2,3,4,6,4,3,0,-12,-7,-13,-20,-19,-11,-9,-7,-4,-5,-7,-8,50,100,60,50,50,50,100,100,100,50,50,50,250,250,250,250,250,250,250,250,250,250,250,250,6,0,1,3,-2,100000,250000,0
AMO,14,1,0,12,10,4,6,2,3,4,6,4,3,0,-12,-7,-13,-20,-19,-11,-9,-7,-4,-5,-7,-8,50,100,60,50,50,50,100,100,100,50,50,50,250,250,250,250,250,250,250,250,250,250,250,250,6,0,1,3,-2,100000,250000,0
AMP,15,1,0,12,10,4,6,2,3,4,6,4,3,0,-12,-7,-13,-20,-19,-11,-9,-7,-4,-5,-7,-8,50,100,60,50,50,50,100,100,100,50,50,50,250,250,250,250,250,250,250,250,250,250,250,250,6,0,1,3,-2,100000,250000,0
AAA,350,350,4
AAB,8900,600,-5
AAC,4000,500,3
AAD,2950,300,-3
AAE,4500,500,-2
AAF,7800,1800,-5
AAG,3000,900,-4
AAH,900,150,-1
AAM,1,1,1,1,1,1,1,1
AAU,1
ACA,350,350,4
ACB,8900,600,-5
ACC,4000,500,3
ACD,2950,300,-3
ACE,4500,500,-2
ACF,7800,1800,-5
ACG,3000,900,-4
ACH,900,150,-1
ACM,1,1,1,1,1,1,1,1
ACU,1
BH,0,100,0
BF,0,0,0,0,0,0,0,0,0,0,0,0,0,0,0,0,0
BL,0,0,0,0,0,0,0,0,0,0,0,0,0,0,0,0,0,0,0,0,0,0,0,0,0,0,0,0,0,0,0,0,0,0,0,0,0,0,0,0,0,0,0,0,0,0,0,0,0,0,0,0,0,0,0,0,0,0
BMA,0,0,0,0,0,0,0,0,0,0,0,0,0,0,0,0,0,0,0,0,0,0,0,0,0,0,0,0,0,0,0,0,0,0,0,0,0,0,0,0,0,0,0,0,0,0,0,0,0,0,0,0,0,0,0,0,0,0
BMB,1,1,0,0,0,0,0,0,0,0,0,0,0,0,0,0,0,0,0,0,0,0,0,0,0,0,0,0,0,0,0,0,0,0,0,0,0,0,0,0,0,0,0,0,0,0,0,0,0,0,0,0,1,0,0,0,0,0
BMC,2,1,0,0,0,0,0,0,0,0,0,0,0,0,0,0,0,0,0,0,0,0,0,0,0,0,0,0,0,0,0,0,0,0,0,0,0,0,0,0,0,0,0,0,0,0,0,0,0,0,0,0,1,0,0,0,0,0
BMD,3,1,0,0,0,0,0,0,0,0,0,0,0,0,0,0,0,0,0,0,0,0,0,0,0,0,0,0,0,0,0,0,0,0,0,0,0,0,0,0,0,0,0,0,0,0,0,0,0,0,0,0,1,0,0,0,0,0
BME,4,1,0,0,0,0,0,0,0,0,0,0,0,0,0,0,0,0,0,0,0,0,0,0,0,0,0,0,0,0,0,0,0,0,0,0,0,0,0,0,0,0,0,0,0,0,0,0,0,0,0,0,1,0,0,0,0,0
BMF,5,1,0,0,0,0,0,0,0,0,0,0,0,0,0,0,0,0,0,0,0,0,0,0,0,0,0,0,0,0,0,0,0,0,0,0,0,0,0,0,0,0,0,0,0,0,0,0,0,0,0,0,1,0,0,0,0,0
BMG,6,1,0,0,0,0,0,0,0,0,0,0,0,0,0,0,0,0,0,0,0,0,0,0,0,0,0,0,0,0,0,0,0,0,0,0,0,0,0,0,0,0,0,0,0,0,0,0,0,0,0,0,1,0,0,0,0,0
BMH,7,1,0,0,0,0,0,0,0,0,0,0,0,0,0,0,0,0,0,0,0,0,0,0,0,0,0,0,0,0,0,0,0,0,0,0,0,0,0,0,0,0,0,0,0,0,0,0,0,0,0,0,1,0,0,0,0,0
BMI,8,1,0,0,0,0,0,0,0,0,0,0,0,0,0,0,0,0,0,0,0,0,0,0,0,0,0,0,0,0,0,0,0,0,0,0,0,0,0,0,0,0,0,0,0,0,0,0,0,0,0,0,1,0,0,0,0,0
BMJ,9,1,0,0,0,0,0,0,0,0,0,0,0,0,0,0,0,0,0,0,0,0,0,0,0,0,0,0,0,0,0,0,0,0,0,0,0,0,0,0,0,0,0,0,0,0,0,0,0,0,0,0,1,0,0,0,0,0
BMK,10,1,0,0,0,0,0,0,0,0,0,0,0,0,0,0,0,0,0,0,0,0,0,0,0,0,0,0,0,0,0,0,0,0,0,0,0,0,0,0,0,0,0,0,0,0,0,0,0,0,0,0,1,0,0,0,0,0
BML,11,1,0,0,0,0,0,0,0,0,0,0,0,0,0,0,0,0,0,0,0,0,0,0,0,0,0,0,0,0,0,0,0,0,0,0,0,0,0,0,0,0,0,0,0,0,0,0,0,0,0,0,1,0,0,0,0,0
BMM,12,1,0,0,0,0,0,0,0,0,0,0,0,0,0,0,0,0,0,0,0,0,0,0,0,0,0,0,0,0,0,0,0,0,0,0,0,0,0,0,0,0,0,0,0,0,0,0,0,0,0,0,1,0,0,0,0,0
BMN,13,1,0,0,0,0,0,0,0,0,0,0,0,0,0,0,0,0,0,0,0,0,0,0,0,0,0,0,0,0,0,0,0,0,0,0,0,0,0,0,0,0,0,0,0,0,0,0,0,0,0,0,1,0,0,0,0,0
BMO,14,1,0,0,0,0,0,0,0,0,0,0,0,0,0,0,0,0,0,0,0,0,0,0,0,0,0,0,0,0,0,0,0,0,0,0,0,0,0,0,0,0,0,0,0,0,0,0,0,0,0,0,1,0,0,0,0,0
BMP,15,1,0,0,0,0,0,0,0,0,0,0,0,0,0,0,0,0,0,0,0,0,0,0,0,0,0,0,0,0,0,0,0,0,0,0,0,0,0,0,0,0,0,0,0,0,0,0,0,0,0,0,1,0,0,0,0,0
BAA,800,1,0
BAB,800,1,0
BAC,800,1,0
BAD,800,1,0
BAE,800,1,0
BAF,800,1,0
BAG,800,1,0
BAH,800,1,0
BAM,0,0,0,0,0,0,0,0
BAU,0
BCA,800,1,0
BCB,800,1,0
BCC,800,1,0
BCD,800,1,0
BCE,800,1,0
BCF,800,1,0
BCG,800,1,0
BCH,800,1,0
BCM,0,0,0,0,0,0,0,0
BCU,0
CH,1,100,0
CF,0,0,0,0,0,0,0,0,0,0,0,1,0,0,0,0,0
CL,1,0,0,0,0,0,0,0,0,0,0,0,0,0,0,0,0,0,0,0,0,0,0,0,0,0,0,0,0,0,0,0,0,0,0,0,0,0,0,0,0,0,0,0,0,0,0,0,0,0,0,1,0,0,0,0,0,0
CMA,0,0,0,0,0,0,0,0,0,0,0,0,0,0,0,0,0,0,0,0,0,0,0,0,0,0,0,0,0,0,0,0,0,0,0,0,0,0,0,0,0,0,0,0,0,0,0,0,0,0,0,0,0,0,0,0,0,0
CMB,1,1,0,0,0,0,0,0,0,0,0,0,0,0,0,0,0,0,0,0,0,0,0,0,0,0,0,0,0,0,0,0,0,0,0,0,0,0,0,0,0,0,0,0,0,0,0,0,0,0,0,0,1,0,0,0,0,0
CMC,2,1,0,0,0,0,0,0,0,0,0,0,0,0,0,0,0,0,0,0,0,0,0,0,0,0,0,0,0,0,0,0,0,0,0,0,0,0,0,0,0,0,0,0,0,0,0,0,0,0,0,0,1,0,0,0,0,0
CMD,3,1,0,0,0,0,0,0,0,0,0,0,0,0,0,0,0,0,0,0,0,0,0,0,0,0,0,0,0,0,0,0,0,0,0,0,0,0,0,0,0,0,0,0,0,0,0,0,0,0,0,0,1,0,0,0,0,0
CME,4,1,0,0,0,0,0,0,0,0,0,0,0,0,0,0,0,0,0,0,0,0,0,0,0,0,0,0,0,0,0,0,0,0,0,0,0,0,0,0,0,0,0,0,0,0,0,0,0,0,0,0,1,0,0,0,0,0
CMF,5,1,0,0,0,0,0,0,0,0,0,0,0,0,0,0,0,0,0,0,0,0,0,0,0,0,0,0,0,0,0,0,0,0,0,0,0,0,0,0,0,0,0,0,0,0,0,0,0,0,0,0,1,0,0,0,0,0
CMG,6,1,0,0,0,0,0,0,0,0,0,0,0,0,0,0,0,0,0,0,0,0,0,0,0,0,0,0,0,0,0,0,0,0,0,0,0,0,0,0,0,0,0,0,0,0,0,0,0,0,0,0,1,0,0,0,0,0
CMH,7,1,0,0,0,0,0,0,0,0,0,0,0,0,0,0,0,0,0,0,0,0,0,0,0,0,0,0,0,0,0,0,0,0,0,0,0,0,0,0,0,0,0,0,0,0,0,0,0,0,0,0,1,0,0,0,0,0
CMI,8,1,0,0,0,0,0,0,0,0,0,0,0,0,0,0,0,0,0,0,0,0,0,0,0,0,0,0,0,0,0,0,0,0,0,0,0,0,0,0,0,0,0,0,0,0,0,0,0,0,0,0,1,0,0,0,0,0
CMJ,9,1,0,0,0,0,0,0,0,0,0,0,0,0,0,0,0,0,0,0,0,0,0,0,0,0,0,0,0,0,0,0,0,0,0,0,0,0,0,0,0,0,0,0,0,0,0,0,0,0,0,0,1,0,0,0,0,0
CMK,10,1,0,0,0,0,0,0,0,0,0,0,0,0,0,0,0,0,0,0,0,0,0,0,0,0,0,0,0,0,0,0,0,0,0,0,0,0,0,0,0,0,0,0,0,0,0,0,0,0,0,0,1,0,0,0,0,0
CML,11,1,0,0,0,0,0,0,0,0,0,0,0,0,0,0,0,0,0,0,0,0,0,0,0,0,0,0,0,0,0,0,0,0,0,0,0,0,0,0,0,0,0,0,0,0,0,0,0,0,0,0,1,0,0,0,0,0
CMM,12,1,0,0,0,0,0,0,0,0,0,0,0,0,0,0,0,0,0,0,0,0,0,0,0,0,0,0,0,0,0,0,0,0,0,0,0,0,0,0,0,0,0,0,0,0,0,0,0,0,0,0,1,0,0,0,0,0
CMN,13,1,0,0,0,0,0,0,0,0,0,0,0,0,0,0,0,0,0,0,0,0,0,0,0,0,0,0,0,0,0,0,0,0,0,0,0,0,0,0,0,0,0,0,0,0,0,0,0,0,0,0,1,0,0,0,0,0
CMO,14,1,0,0,0,0,0,0,0,0,0,0,0,0,0,0,0,0,0,0,0,0,0,0,0,0,0,0,0,0,0,0,0,0,0,0,0,0,0,0,0,0,0,0,0,0,0,0,0,0,0,0,1,0,0,0,0,0
CMP,15,1,0,0,0,0,0,0,0,0,0,0,0,0,0,0,0,0,0,0,0,0,0,0,0,0,0,0,0,0,0,0,0,0,0,0,0,0,0,0,0,0,0,0,0,0,0,0,0,0,0,0,1,0,0,0,0,0
CAA,800,1,0
CAB,800,1,0
CAC,800,1,0
CAD,800,1,0
CAE,800,1,0
CAF,800,1,0
CAG,800,1,0
CAH,800,1,0
CAM,0,0,0,0,0,0,0,0
CAU,0
CCA,800,1,0
CCB,800,1,0
CCC,800,1,0
CCD,800,1,0
CCE,800,1,0
CCF,800,1,0
CCG,800,1,0
CCH,800,1,0
CCM,0,0,0,0,0,0,0,0
CCU,0
DH,1,100,0
DF,0,0,0,0,0,0,0,0,0,0,0,1,0,0,0,0,0
DL,1,0,0,0,0,0,0,0,0,0,0,0,0,0,0,0,0,0,0,0,0,0,0,0,0,0,0,0,0,0,0,0,0,0,0,0,0,0,0,0,0,0,0,0,0,0,0,0,0,0,0,1,0,0,0,0,0,0
DMA,0,0,0,0,0,0,0,0,0,0,0,0,0,0,0,0,0,0,0,0,0,0,0,0,0,0,0,0,0,0,0,0,0,0,0,0,0,0,0,0,0,0,0,0,0,0,0,0,0,0,0,0,0,0,0,0,0,0
DMB,1,1,0,0,0,0,0,0,0,0,0,0,0,0,0,0,0,0,0,0,0,0,0,0,0,0,0,0,0,0,0,0,0,0,0,0,0,0,0,0,0,0,0,0,0,0,0,0,0,0,0,0,1,0,0,0,0,0
DMC,2,1,0,0,0,0,0,0,0,0,0,0,0,0,0,0,0,0,0,0,0,0,0,0,0,0,0,0,0,0,0,0,0,0,0,0,0,0,0,0,0,0,0,0,0,0,0,0,0,0,0,0,1,0,0,0,0,0
DMD,3,1,0,0,0,0,0,0,0,0,0,0,0,0,0,0,0,0,0,0,0,0,0,0,0,0,0,0,0,0,0,0,0,0,0,0,0,0,0,0,0,0,0,0,0,0,0,0,0,0,0,0,1,0,0,0,0,0
DME,4,1,0,0,0,0,0,0,0,0,0,0,0,0,0,0,0,0,0,0,0,0,0,0,0,0,0,0,0,0,0,0,0,0,0,0,0,0,0,0,0,0,0,0,0,0,0,0,0,0,0,0,1,0,0,0,0,0
DMF,5,1,0,0,0,0,0,0,0,0,0,0,0,0,0,0,0,0,0,0,0,0,0,0,0,0,0,0,0,0,0,0,0,0,0,0,0,0,0,0,0,0,0,0,0,0,0,0,0,0,0,0,1,0,0,0,0,0
DMG,6,1,0,0,0,0,0,0,0,0,0,0,0,0,0,0,0,0,0,0,0,0,0,0,0,0,0,0,0,0,0,0,0,0,0,0,0,0,0,0,0,0,0,0,0,0,0,0,0,0,0,0,1,0,0,0,0,0
DMH,7,1,0,0,0,0,0,0,0,0,0,0,0,0,0,0,0,0,0,0,0,0,0,0,0,0,0,0,0,0,0,0,0,0,0,0,0,0,0,0,0,0,0,0,0,0,0,0,0,0,0,0,1,0,0,0,0,0
DMI,8,1,0,0,0,0,0,0,0,0,0,0,0,0,0,0,0,0,0,0,0,0,0,0,0,0,0,0,0,0,0,0,0,0,0,0,0,0,0,0,0,0,0,0,0,0,0,0,0,0,0,0,1,0,0,0,0,0
DMJ,9,1,0,0,0,0,0,0,0,0,0,0,0,0,0,0,0,0,0,0,0,0,0,0,0,0,0,0,0,0,0,0,0,0,0,0,0,0,0,0,0,0,0,0,0,0,0,0,0,0,0,0,1,0,0,0,0,0
DMK,10,1,0,0,0,0,0,0,0,0,0,0,0,0,0,0,0,0,0,0,0,0,0,0,0,0,0,0,0,0,0,0,0,0,0,0,0,0,0,0,0,0,0,0,0,0,0,0,0,0,0,0,1,0,0,0,0,0
DML,11,1,0,0,0,0,0,0,0,0,0,0,0,0,0,0,0,0,0,0,0,0,0,0,0,0,0,0,0,0,0,0,0,0,0,0,0,0,0,0,0,0,0,0,0,0,0,0,0,0,0,0,1,0,0,0,0,0
DMM,12,1,0,0,0,0,0,0,0,0,0,0,0,0,0,0,0,0,0,0,0,0,0,0,0,0,0,0,0,0,0,0,0,0,0,0,0,0,0,0,0,0,0,0,0,0,0,0,0,0,0,0,1,0,0,0,0,0
DMN,13,1,0,0,0,0,0,0,0,0,0,0,0,0,0,0,0,0,0,0,0,0,0,0,0,0,0,0,0,0,0,0,0,0,0,0,0,0,0,0,0,0,0,0,0,0,0,0,0,0,0,0,1,0,0,0,0,0
DMO,14,1,0,0,0,0,0,0,0,0,0,0,0,0,0,0,0,0,0,0,0,0,0,0,0,0,0,0,0,0,0,0,0,0,0,0,0,0,0,0,0,0,0,0,0,0,0,0,0,0,0,0,1,0,0,0,0,0
DMP,15,1,0,0,0,0,0,0,0,0,0,0,0,0,0,0,0,0,0,0,0,0,0,0,0,0,0,0,0,0,0,0,0,0,0,0,0,0,0,0,0,0,0,0,0,0,0,0,0,0,0,0,1,0,0,0,0,0
DAA,800,1,0
DAB,800,1,0
DAC,800,1,0
DAD,800,1,0
DAE,800,1,0
DAF,800,1,0
DAG,800,1,0
DAH,800,1,0
DAM,0,0,0,0,0,0,0,0
DAU,0
DCA,800,1,0
DCB,800,1,0
DCC,800,1,0
DCD,800,1,0
DCE,800,1,0
DCF,800,1,0
DCG,800,1,0
DCH,800,1,0
DCM,0,0,0,0,0,0,0,0
DCU,0
